================================================================
  E1: Multi-Detector Results
  (EditLens: 0=human, 1=AI | Perplexity: higher=more human-like)
================================================================

  #   EL-orig    EL-rew   PPL-orig    PPL-rew
--------------------------------------------------
  1    0.9996    0.9856      10.48       2.94
  2    0.9987    0.9996       7.90       6.27
  3    0.9996    0.6556      14.32       8.20
  4    0.9996    0.9996       6.84       6.43
  5    0.8202    0.3764      22.97      26.43
  6    0.9995    0.9984      11.73       9.37
  7    0.9996    0.9988      15.00     152.22
  8    0.9996    0.9996       5.93       4.98
  9    0.9967    0.5977      18.33       6.22
 10    0.9996    0.9996       7.09       5.98
 11    0.9996    0.9996       6.01       5.44
 12    0.9996    0.9775       7.22       5.92
 13    0.9996    0.9996       8.76       5.22
 14    0.9976    0.5013       6.69       5.00
 15    0.9996    0.1576      27.86     862.22
 16    0.9922    0.3346       9.56       5.64
 17    0.9996    0.9996       5.79       5.98
 18    0.9996    0.8021      13.07       6.06
 19    0.9996    0.9996       7.27       6.35
 20    0.9994    0.9594       5.90       5.15
--------------------------------------------------
mean    0.9900    0.8171      10.94      57.10

Results saved to: /home/ubuntu/STAT-4830-PromptLab-project/outputs/e1_multidetector.jsonl
